9.023491593581875470e-02,8.940568161987771933e-01,9.541978866468276976e-01,9.775970925951129598e-01,9.902288027917851565e-01,9.932610397869234831e-01,9.894975738207951732e-01,9.941813114949336061e-01,9.905030957369502786e-01,9.941126895375229644e-01
1.818005155185148727e-02,7.247032723320185887e-01,8.573599684027872758e-01,9.158771264923076805e-01,9.548518844823163931e-01,9.647002055034175072e-01,9.606867285454395722e-01,9.733792683588146089e-01,9.740824834245098707e-01,9.821901027717624411e-01
4.417778974875876015e-03,4.455916784901843841e-01,7.257524155987813419e-01,8.288162062157597987e-01,8.962478719301688601e-01,9.091908399661822182e-01,8.940233136850342932e-01,9.288811264772602883e-01,9.412691786196583088e-01,9.558469001423287592e-01
7.633196128971345140e-02,3.012566079819378739e-01,6.166972003774976452e-01,7.169114887896872457e-01,8.338164288806054758e-01,8.536931349317653517e-01,8.191222039831250745e-01,8.769378346025812343e-01,8.876119138016825838e-01,9.250892319363765992e-01
2.955377647625351961e-02,1.072179118199897419e-01,4.065994226358396468e-01,5.744987291463150569e-01,7.416576640302725565e-01,7.592288940433582489e-01,7.545430703818840623e-01,8.156926534039681265e-01,8.206606466543243661e-01,8.881575909715759831e-01
5.738125104784397995e-02,1.621198240913831745e-01,3.450647004501947168e-01,4.759297863040607424e-01,6.902402201226429668e-01,7.071470203212055772e-01,6.687994311298766092e-01,7.788640399529664915e-01,7.630836352940568723e-01,8.369949006862001939e-01
-1.946886516330538107e-03,8.103297803342650318e-02,1.685006179084301836e-01,3.390805972534454704e-01,5.638879416238407050e-01,5.796974350998657100e-01,5.561809003521338557e-01,6.790804475355104453e-01,6.742373136291349711e-01,7.862894904945244567e-01
7.588332805374217727e-02,1.634024418621397301e-01,1.829331677883431484e-01,3.315349891609356558e-01,5.152462065702712035e-01,5.695195603211644642e-01,5.127991967812530749e-01,6.528961291296042635e-01,6.538501790020904147e-01,7.433989749592382346e-01
6.545187888168401726e-03,2.431572128677499459e-02,8.904536959183795286e-02,1.798455002240887113e-01,3.989004966733592505e-01,4.139861333595442061e-01,4.061926062937215032e-01,5.599460498028339117e-01,5.613546300530460886e-01,6.674879959561967890e-01
3.215737015762542509e-03,5.432346815067561063e-02,5.439138087640953828e-02,1.333390002106980277e-01,3.102668684333317328e-01,3.757901609224212902e-01,3.371971615296783797e-01,4.944610938249454080e-01,4.908145168004264813e-01,6.398946769275934976e-01
1.960528337445364630e-03,3.603005725730591691e-02,5.442091208389001483e-02,1.162801873971968936e-01,2.506535902061353682e-01,2.967937864268906378e-01,2.851583385863827869e-01,4.576089337313875571e-01,3.997705859261439509e-01,5.942209071091173467e-01
1.757742531691945101e-03,3.959644400319408536e-02,6.258998114638847365e-02,6.372817383172368899e-02,2.117289867572823281e-01,2.487289454573982928e-01,2.214180788952609669e-01,3.710741154485746041e-01,3.622565341730808464e-01,5.314622424313049098e-01
3.047574307888179738e-03,2.789788753009781255e-02,3.048876337785713306e-02,8.972518322565221915e-02,1.737518130306681396e-01,2.103588950140899971e-01,1.809534526314992287e-01,3.392254042566770211e-01,3.128499513939254073e-01,4.889218984689359115e-01
-6.261797289051938354e-04,4.064618877916233164e-02,6.131840095086664444e-02,1.051152296107290968e-01,1.615879065596612929e-01,1.906163467274523959e-01,1.626445034459545469e-01,3.063031012714068635e-01,2.622955887798453234e-01,4.243092666039991467e-01
3.872605577249250974e-02,1.210328745730310102e-01,1.339014286354533734e-01,1.462490200669816220e-01,1.930639879482195231e-01,1.927445454446150286e-01,1.854883151125336915e-01,3.070942106354258572e-01,2.568320405604127554e-01,4.269174916423675303e-01
