5.495335450525543619e-01
8.989892088932150971e-01
9.572604848282821877e-01
9.795402948586680036e-01
9.247811748236329787e-01
9.444685413110679439e-01
9.935666713108110004e-01
9.931487956334710265e-01
9.919556881436845108e-01
9.876375222664004472e-01
5.495335450525543619e-01
8.989892088932150971e-01
9.572604848282821877e-01
9.795402948586680036e-01
9.247811748236329787e-01
9.444685413110679439e-01
9.935666713108110004e-01
9.931487956334710265e-01
9.919556881436845108e-01
9.876375222664004472e-01
2.787692413037686640e-02
2.664843166927103324e-01
7.067458330107965203e-01
8.797622529296241778e-01
5.567088410680436361e-01
6.071756640349439405e-01
9.346480212287345823e-01
9.367759579515887447e-01
9.145978392315250449e-01
8.809421002461416128e-01
-3.326348793893300210e-02
7.608983013996717393e-02
4.288852693890103374e-01
6.438142029410199862e-01
2.410292905136626751e-01
3.560034237706832250e-01
8.287128435881917499e-01
8.150615139422056066e-01
7.840843853905355987e-01
6.980089251968663033e-01
3.479859943515137277e-02
6.258707329085005933e-02
1.503590803510691243e-01
4.791208041233837589e-01
6.598165067867910183e-02
1.980454548163552153e-01
7.157641230267587362e-01
6.838341237350678004e-01
6.200893141761225635e-01
5.050142232705020495e-01
-8.533252199373154989e-02
-3.523657055167921104e-02
9.971146904995938087e-02
2.990552288418103499e-01
1.200744880605005699e-01
6.846896438207092372e-02
5.251321602859434501e-01
5.989336884665493743e-01
4.705252069437622087e-01
3.813633060174095313e-01
-2.643066635791110550e-02
1.235614357353205378e-01
9.456558991856826857e-02
2.219872977151943205e-01
9.862136807696406104e-02
6.635516631277683930e-02
4.369299124108793064e-01
4.285653566669105907e-01
3.160549488866912782e-01
3.162437811212953642e-01
2.284925573141726937e-02
5.636235147642891519e-02
-1.447486991561970551e-03
9.701757389520301866e-02
2.465301524575094425e-02
7.310382645851552785e-02
3.465203753963650435e-01
3.943661676079841527e-01
3.247487032484405733e-01
1.867702455575859788e-01
2.827453559943837128e-03
2.277750319607488652e-02
1.544371354394104626e-02
1.166516299841643678e-01
1.435776757884038232e-02
2.690552860133106627e-02
2.486278942207819365e-01
2.593418263311212391e-01
2.050225214889040415e-01
1.009343688993134536e-01
2.824206208290143405e-02
5.031087552639072757e-02
-1.091926369027510467e-02
9.932342850622428651e-03
1.092928758643844575e-02
8.599834555116300794e-03
2.038132140989086238e-01
1.769261429336477509e-01
1.467468208576623856e-01
8.629093684799134245e-02
6.544082476130374387e-03
4.969955608055930119e-02
-2.910705368059969956e-04
2.468877162285253168e-02
1.142655067003855822e-02
-8.856571957392487052e-03
1.469782210688715118e-01
1.720242726599331418e-01
2.068298862116096648e-01
7.293752270199006793e-02
-9.421082817695014891e-03
-2.476628937854255443e-03
-1.353826421193996508e-02
8.533405609638544664e-02
2.651342891634787466e-02
4.436690382920796538e-02
8.609556227619279134e-02
7.025593594688590848e-02
8.333401065703559263e-02
4.989755890397001153e-02
-3.579472048447447218e-03
-5.734540684469864244e-03
4.122346692762379294e-04
1.195820826300756506e-01
2.803892662805978347e-02
3.251634536274766035e-02
5.069009178609901189e-02
1.192234675869310451e-01
8.271413679051141388e-02
3.824081438185852888e-02
1.141493232134190017e-02
2.047015738550799629e-02
-1.469136096412736354e-02
5.396676514450049478e-02
1.064016197653678067e-02
3.371491601298642893e-02
4.700576233564688483e-02
6.259412064463951327e-03
6.205936015370937947e-02
7.237458296336056474e-02
5.928444313661745610e-03
4.227613813640439255e-02
1.979981308332411094e-02
1.139907362689698556e-01
4.374002538181028660e-02
1.044097750171475852e-01
7.190722026019424895e-02
9.045225780497623616e-03
1.295608579438963792e-01
9.654995144130014417e-02
9.901895877953733605e-01
9.942348808338361543e-01
9.923689509819328958e-01
9.941061943247400112e-01
9.917733295259816284e-01
9.847932684009657045e-01
9.952881262962253173e-01
9.956502590994249502e-01
9.908676238101998823e-01
9.935508726199601126e-01
9.901895877953733605e-01
9.942348808338361543e-01
9.923689509819328958e-01
9.941061943247400112e-01
9.917733295259816284e-01
9.847932684009657045e-01
9.952881262962253173e-01
9.956502590994249502e-01
9.908676238101998823e-01
9.935508726199601126e-01
8.423934882934370760e-01
9.168872456779958435e-01
9.320803069969014754e-01
9.565554128280928659e-01
9.011794151975855982e-01
8.283813284398325871e-01
9.395619869974957128e-01
9.459248973922811388e-01
9.021910073371052219e-01
9.065399693243696433e-01
6.965083721973681641e-01
8.232945447703300390e-01
8.224562002776742986e-01
8.894477745829613147e-01
7.595188533731791480e-01
6.087142402518478379e-01
8.679321351716086097e-01
8.622145076847238521e-01
8.353421481766991619e-01
8.447603864558261844e-01
5.729369429228193811e-01
7.855632298381403089e-01
7.410908856245207454e-01
8.007335854416258725e-01
6.560795520710973605e-01
5.534717918871493447e-01
7.868795997920878804e-01
7.991653425791300780e-01
7.887741950659187262e-01
7.182060882032562654e-01
4.109629810974076980e-01
7.013915980387090965e-01
6.142655419244934523e-01
7.386419874845577827e-01
5.533913892466918449e-01
4.001379801705388650e-01
6.844593191213673711e-01
7.111332045319940232e-01
7.564448672652225314e-01
6.195477708677946671e-01
3.085308629097017752e-01
5.290914648281994648e-01
5.552916063235271427e-01
5.904502312288880672e-01
4.336151281125427692e-01
2.641609330256639576e-01
5.657439986838989077e-01
5.593034108481369504e-01
6.355774736571279115e-01
4.761013036809191856e-01
2.320799841880848424e-01
4.724625102979553848e-01
3.818301353766905826e-01
5.657912007176024716e-01
2.789493222234031289e-01
1.741111372930092271e-01
5.223821383450134581e-01
5.045367411344040542e-01
6.029549634363585708e-01
4.036102186994942609e-01
1.587316376793154182e-01
3.980634158912479403e-01
3.546462195751322599e-01
4.570830263307446573e-01
1.962554268254157741e-01
9.586162388495923781e-02
4.526014517771985712e-01
4.077074313059389499e-01
5.884887713326184544e-01
3.351321997123714591e-01
1.189869074282967620e-01
2.552507864260223358e-01
2.689993305131024304e-01
4.093764875810853576e-01
1.820463790947680072e-01
6.246982180802891638e-02
3.607330857867996343e-01
3.462767497326353361e-01
4.776525574018777309e-01
2.580544589544255807e-01
9.019184247599973392e-02
2.482934468771623715e-01
2.358607474181645958e-01
3.651873784422035585e-01
8.641490050135244849e-02
4.138691806830070707e-02
2.669503893244651871e-01
2.606132738609024946e-01
4.137935337296687055e-01
1.836939956954601050e-01
2.001020092036302420e-02
2.133751872623272094e-01
1.757267927615775160e-01
3.380398019157301870e-01
7.397319476167305008e-02
4.290118899276686160e-02
2.153828563580150735e-01
2.416183215544277507e-01
3.849907317027949083e-01
1.516663872438915317e-01
3.644734806005722402e-03
1.765955482760901418e-01
1.197729520746976112e-01
2.471930155149019981e-01
2.307759839941687235e-02
5.436719044766204906e-02
1.870730872150032642e-01
1.928962327142551281e-01
3.398206481320444894e-01
1.164689999608030657e-01
-4.957010270939438829e-03
2.276895621857077112e-01
7.041936440468858638e-02
2.087728227555466776e-01
1.162416455154908906e-01
2.542509582104946278e-02
1.462369518361202048e-01
1.935845099430239802e-01
3.066559165104281726e-01
1.295800700910102465e-01
2.368108225316330889e-02
1.382135708942474894e-01
1.021671071278640180e-01
2.407930691733880801e-01
2.159435050425198219e-02
3.968068653375836363e-02
8.807613534030937774e-02
1.171568579969584634e-01
2.512033767381187666e-01
5.543327309943877484e-02
9.883798115818140939e-01
9.952769683447394433e-01
9.969725584586195399e-01
9.959965782671441614e-01
9.876703105896929014e-01
9.963940966502845553e-01
9.955155029597602123e-01
9.957676140992066660e-01
9.980346113265848862e-01
9.976367697124416400e-01
9.883798115818140939e-01
9.952769683447394433e-01
9.969725584586195399e-01
9.959965782671441614e-01
9.876703105896929014e-01
9.963940966502845553e-01
9.955155029597602123e-01
9.957676140992066660e-01
9.980346113265848862e-01
9.976367697124416400e-01
9.020450275953206809e-01
9.584608725609924385e-01
9.712949881724310952e-01
9.606013921431462155e-01
9.245741247107928107e-01
9.534994595921081340e-01
9.630321298225757998e-01
9.695359132717152884e-01
9.699636431008681337e-01
9.752831077200104781e-01
8.062171477953420373e-01
9.158248979257342937e-01
9.422150099916108967e-01
9.219165953976691252e-01
8.516822321954573560e-01
9.205952048816302691e-01
9.328429961496813583e-01
9.467775246005665224e-01
9.376781873524909772e-01
9.528341466852587871e-01
6.507035498475568502e-01
8.400716731241587576e-01
8.797202364752585435e-01
8.671047543242352829e-01
6.816258182656476095e-01
8.473849108968539712e-01
8.654904412047993434e-01
8.779378063723547454e-01
8.841823745589982853e-01
8.947858223689451052e-01
5.108910877984579324e-01
7.651211713516737900e-01
8.224751326548707109e-01
8.044372002808848343e-01
6.075327011130248200e-01
8.095420454241173402e-01
8.143752104174377671e-01
8.208387455129558807e-01
8.270651130996889977e-01
8.521156755420550288e-01
3.865339873205215770e-01
7.090959347405388913e-01
7.527585408567556424e-01
7.255070862506832752e-01
4.278792177896353355e-01
6.994454264156437784e-01
7.102032343394382163e-01
7.017862164141094317e-01
7.463931248830805165e-01
7.921741194195403013e-01
2.997073252526106235e-01
6.289501358225433325e-01
6.772823381497653505e-01
6.456741305050295310e-01
3.891195955123514238e-01
6.835542487801615774e-01
6.773739134621938884e-01
6.901765529569398039e-01
7.382785757986960462e-01
7.578778195788805627e-01
1.451070404109314482e-01
5.299734414051244791e-01
6.010702559089021735e-01
5.994210404316048235e-01
3.257735824121054113e-01
6.138293013439778401e-01
6.305434687806529270e-01
6.156967925609707626e-01
6.646366726786003820e-01
6.954022857652187861e-01
1.534864408166752847e-01
4.797480152465658509e-01
5.709934218926112637e-01
5.090306494846066343e-01
2.343877855822315004e-01
5.395173485717986717e-01
5.670690644862661500e-01
5.614300193191109623e-01
5.810364004865807841e-01
6.220450835443172011e-01
8.969474085596065849e-02
4.755786124837784179e-01
4.820905057819189210e-01
4.467592987265505133e-01
2.752085015531159362e-01
5.136620446058760558e-01
4.719992667126672869e-01
4.186046388220623915e-01
5.163276178768620994e-01
5.695635505197198523e-01
4.625357347746392178e-02
3.807760067859315978e-01
4.681525859336720941e-01
4.187016312054614442e-01
1.946372765420389672e-01
4.466646212769498359e-01
4.113507098821914121e-01
4.208485704749758693e-01
4.377211928097964888e-01
4.990246640756224594e-01
4.719934114169783979e-02
3.135651394871373787e-01
3.535224015284199606e-01
4.052085174378987076e-01
2.043497260521412728e-01
3.928673658706094418e-01
3.434089144302601149e-01
3.455483905761732033e-01
4.105137923587629523e-01
4.369641633814002057e-01
2.525886991096304435e-02
3.647394870682965085e-01
3.856740704147166299e-01
2.813862656710637289e-01
2.191973067817885590e-01
2.988933792732920702e-01
3.125724112952872891e-01
2.723408025107591501e-01
3.714320503633642967e-01
4.028054253576893728e-01
6.010019126001378553e-02
2.735356882185987493e-01
3.142617174390406332e-01
2.597095897412005083e-01
1.578076935081590693e-01
3.182173656552926833e-01
2.243523480960782912e-01
2.672274947289787206e-01
3.242713181103198949e-01
3.464595305371868661e-01
9.938518435101787452e-01
9.983705218812050086e-01
9.983160623153278790e-01
9.985891271810177772e-01
9.956573355017849236e-01
9.897831584241983949e-01
9.962565860877465873e-01
9.982300659046415836e-01
9.972144877571217370e-01
9.978630418258633838e-01
9.938518435101787452e-01
9.983705218812050086e-01
9.983160623153278790e-01
9.985891271810177772e-01
9.956573355017849236e-01
9.897831584241983949e-01
9.962565860877465873e-01
9.982300659046415836e-01
9.972144877571217370e-01
9.978630418258633838e-01
9.303376850521815067e-01
9.825482082722281074e-01
9.802100792323733547e-01
9.784749178111085133e-01
9.446353054432627960e-01
9.335424737756797819e-01
9.606169688501804416e-01
9.742650778080503837e-01
9.805585690487691464e-01
9.733459325668635254e-01
8.446415867566087199e-01
9.599750860364137939e-01
9.445501569840880629e-01
9.540466785110226500e-01
8.687844574377611151e-01
8.516871820600409038e-01
9.211070851555263062e-01
9.444489295395740447e-01
9.624295359081782575e-01
9.436423417087208554e-01
6.948639739310614738e-01
9.296510542415664657e-01
9.084647928245799253e-01
8.957342961105231316e-01
7.990893431637898781e-01
7.593883582600257087e-01
8.701021121249895574e-01
8.998031811404496594e-01
9.070004031084919482e-01
8.960579530402550397e-01
6.563568995032720288e-01
8.859989479545420377e-01
8.663349885148868834e-01
8.779595638206458830e-01
6.768732375482588992e-01
6.758493568850860722e-01
8.000575428753263774e-01
8.365443727981516364e-01
8.817776076990215817e-01
8.561466083424013052e-01
4.642358108144074014e-01
8.310153259683101812e-01
8.083079045395636930e-01
8.614740167688417216e-01
6.238449555491339948e-01
5.879858313437479334e-01
7.350868624056497991e-01
8.003975154104389089e-01
8.291911216822005493e-01
8.113689200500651122e-01
4.582617308977903758e-01
8.026567126264784191e-01
7.356658920077903119e-01
7.725465935422287655e-01
4.915858971292546564e-01
5.058696238279913882e-01
6.797209411741108598e-01
7.289565053008341122e-01
7.594919808889849522e-01
7.303893244476628022e-01
3.538675833502238910e-01
7.490657039230049774e-01
6.918442025281523744e-01
7.052050602190022000e-01
3.817544180742665771e-01
4.453521965694485218e-01
6.111395613244476888e-01
6.224388530335719372e-01
7.001777282822682080e-01
6.839154142155856597e-01
3.173269347344704894e-01
7.160749984057248607e-01
6.578051630467092181e-01
6.517865033470576774e-01
3.832586755772530718e-01
3.981385275565267889e-01
5.758102261487560991e-01
6.184167248418193097e-01
6.608642519932951265e-01
6.513066204730240116e-01
2.132767813714494531e-01
5.901259582329262399e-01
5.818736183406795215e-01
6.047586769978154919e-01
2.409708947851012806e-01
3.265250737301487183e-01
5.024694265037065177e-01
5.312178002716023695e-01
5.966811630938690936e-01
5.552573808879347483e-01
1.646102579254515030e-01
5.992754574778229593e-01
4.808389907088440607e-01
4.648753803943329599e-01
1.328213583940606457e-01
2.363781956778423787e-01
4.343362278218496075e-01
4.980445072205102464e-01
5.597572031412980653e-01
5.295852324360311725e-01
1.110439383540779285e-01
5.908484007331079590e-01
4.436417975495817179e-01
4.728331941946963823e-01
1.907234859001682714e-01
2.348275698869538852e-01
3.627094044335820167e-01
4.062716311980382744e-01
4.617366834228275319e-01
4.608936181510403518e-01
8.882099765532540381e-02
5.191274489581750862e-01
4.313995312279537697e-01
4.363604563887459875e-01
1.699854734032004155e-01
2.152041343513687033e-01
3.388526102947625462e-01
4.004053217786072150e-01
3.767459771403282032e-01
4.147293214082675150e-01
1.546700194210562096e-01
4.318365821715913211e-01
3.182765883868740597e-01
4.001443725397016427e-01
1.421100265613839952e-01
2.065985208840081799e-01
3.081075566094006457e-01
3.544160774787981083e-01
4.066026202819389423e-01
4.606235896956333287e-01
9.957494219617436526e-01
9.983795916373795487e-01
9.978572961991081236e-01
9.987189285256025117e-01
9.947096014989428303e-01
9.942198056634427017e-01
9.944024731610975332e-01
9.968978023378676223e-01
9.950402048567916768e-01
9.975555778554739961e-01
9.957494219617436526e-01
9.983795916373795487e-01
9.978572961991081236e-01
9.987189285256025117e-01
9.947096014989428303e-01
9.942198056634427017e-01
9.944024731610975332e-01
9.968978023378676223e-01
9.950402048567916768e-01
9.975555778554739961e-01
9.285042721034141300e-01
9.778885412612564609e-01
9.776925724165000942e-01
9.805332649813112145e-01
9.309739412816914195e-01
9.365847132724717250e-01
9.148100391161253508e-01
9.674835752339401296e-01
9.500824015636414321e-01
9.621796454115614239e-01
8.523760228658183724e-01
9.302842080570999928e-01
9.489140701094448405e-01
9.541020436722863485e-01
8.556881102972546671e-01
8.965054288016808259e-01
8.341428963738961588e-01
9.151664624230505529e-01
9.179854162044396304e-01
9.132219083758363887e-01
7.820256403291528935e-01
8.898431284107867212e-01
9.186581084521606710e-01
9.418355871333006224e-01
7.549908196943995176e-01
7.804755179409266219e-01
7.307552102723291476e-01
8.816214685055282496e-01
8.770161016142112853e-01
8.212319965798758892e-01
7.152331789959163189e-01
8.243991612084439202e-01
8.819451548562782239e-01
9.002436967484289676e-01
6.536022799459162425e-01
7.064696820449278825e-01
6.291913002716806869e-01
8.548959907668974845e-01
8.429276309574706971e-01
7.963312288961380547e-01
5.595487424400870102e-01
7.175354070220291147e-01
8.213346301387064452e-01
8.604713739275339224e-01
4.923887608578055852e-01
6.021948869548426897e-01
4.854643223489757409e-01
7.621664124609460744e-01
7.540824947373132581e-01
6.527725140442448559e-01
5.029909370060799967e-01
6.956843309535108988e-01
7.895146924226077445e-01
8.390461209077197946e-01
3.998974890912907476e-01
6.435479450201111451e-01
5.338463588815189897e-01
7.090649629115594044e-01
7.051689501643424451e-01
6.225951744369261354e-01
4.253205782832796267e-01
6.497487058978209662e-01
7.748945501753119469e-01
8.270316988796460045e-01
3.382294986116344826e-01
5.045946308880722153e-01
4.139685260280994705e-01
6.173632916218982913e-01
6.117185348566973602e-01
5.522282786947686484e-01
4.232040404853485427e-01
5.636767774587836399e-01
7.073210696101823736e-01
7.868538835667150400e-01
2.536222395821450259e-01
4.576706689333326361e-01
3.373494105642456109e-01
6.089834859219934726e-01
5.949074194383457970e-01
4.811040841862088135e-01
3.366482854123669655e-01
5.343209752511322019e-01
6.495458010098412727e-01
7.352607653867357929e-01
1.985126232724564732e-01
4.227762060835157376e-01
2.983355058722437780e-01
5.829545506397973975e-01
5.743135468484555917e-01
4.386818500096428264e-01
3.023019708714430043e-01
4.666890875136859296e-01
5.661192962651957483e-01
6.689498381814311667e-01
1.119038983768899237e-01
3.703864781558949826e-01
1.560844418166383585e-01
5.004100445997221591e-01
4.462674899770758263e-01
3.003641439026999982e-01
2.482115017462063200e-01
4.393926549300609108e-01
5.525044192672177168e-01
6.546102954626367154e-01
1.007161051363964083e-01
3.292499324285705908e-01
1.396814154898261551e-01
4.456918205794554444e-01
4.405537319216990544e-01
2.897482013595866213e-01
2.624659386699012553e-01
3.978359214333564431e-01
5.066112756737930489e-01
5.936294941711315332e-01
1.037165192966737343e-01
3.291603425181783837e-01
1.081125563784149646e-01
3.939348362134171277e-01
3.387684569048702299e-01
2.209290286863541120e-01
2.262802857203325135e-01
3.534318026085976894e-01
4.794139221949628715e-01
5.281640862475757148e-01
8.806380787400339138e-02
2.733447451552866170e-01
8.159934513780270349e-02
3.435353072605235591e-01
3.139962440312852321e-01
2.042081676448848360e-01
9.932036727295728840e-01
9.972755289208017349e-01
9.984145200185261526e-01
9.978288908736453466e-01
9.945516704903442085e-01
9.951555965027845119e-01
9.957799026164669831e-01
9.975924903610940975e-01
9.973842480358781071e-01
9.968905279949702436e-01
9.932036727295728840e-01
9.972755289208017349e-01
9.984145200185261526e-01
9.978288908736453466e-01
9.945516704903442085e-01
9.951555965027845119e-01
9.957799026164669831e-01
9.975924903610940975e-01
9.973842480358781071e-01
9.968905279949702436e-01
9.358575504995054750e-01
9.617792277473650175e-01
9.807767513284443295e-01
9.763295662649539297e-01
9.454772399184369069e-01
9.677521267388476955e-01
9.613385187892647954e-01
9.791741450320043949e-01
9.721063147671903382e-01
9.762192730981519295e-01
8.902065777851725370e-01
9.115589221823879873e-01
9.542766759608137805e-01
9.309875132573492973e-01
8.798856686308577091e-01
9.066657309557970557e-01
9.185174896843082415e-01
9.525515580205670130e-01
9.438189674574893884e-01
9.293994121266614394e-01
7.981803968914609193e-01
8.202121291960993155e-01
9.157992779250487825e-01
8.685050934807894141e-01
7.553092488057099319e-01
8.381064651316404435e-01
8.507624951427905646e-01
8.956213531592431831e-01
9.038213015257303695e-01
8.667407988660997820e-01
7.707926801953480789e-01
7.569941842620760974e-01
8.586879744131695746e-01
8.152323612465556257e-01
6.575649488036077184e-01
7.479632722618181351e-01
7.716042287029528657e-01
8.719675191694572502e-01
8.432343046411364673e-01
7.860815590914139728e-01
7.417893242326667469e-01
7.698149105481061349e-01
8.266712468401825609e-01
7.315244238163095547e-01
6.040095274664335490e-01
6.088218362758719415e-01
6.555555249626501269e-01
8.234845696221846367e-01
7.935252683484813607e-01
7.434410554752082234e-01
6.351465553924707796e-01
6.633581065535644194e-01
7.648352136008196300e-01
6.698223078388780838e-01
5.065104313552816206e-01
5.770220790397976307e-01
5.999483550497280993e-01
7.379438740542503261e-01
7.196056681993195925e-01
6.169580890221311176e-01
4.862532312164697390e-01
5.956732570588811893e-01
6.784355814154332531e-01
5.640235012509239310e-01
4.265174414410564108e-01
5.164538770385440625e-01
5.724606419934428203e-01
6.787852922597942262e-01
6.771434104866438375e-01
5.555426559182617963e-01
4.588163301368519686e-01
5.369273763615607375e-01
6.513098463179558539e-01
5.302788058044330954e-01
2.929748311921550608e-01
4.062302604870428047e-01
4.647642569706903481e-01
6.005071656444667116e-01
5.946627360080991576e-01
4.784267632762008171e-01
3.543157906560933657e-01
4.986489191035442525e-01
5.440553081228650667e-01
4.851896859404166151e-01
2.700472841136533075e-01
3.609134886121870833e-01
4.342438418981182657e-01
5.712185771874387363e-01
5.467549436334518953e-01
4.664161069648837810e-01
3.220663658347007186e-01
4.234298699543499467e-01
5.252888855074763219e-01
4.193191039227898709e-01
2.274000988006692203e-01
2.952844483595628566e-01
3.373479874440228343e-01
4.728366349474041885e-01
4.804586730136439776e-01
3.124375375513446240e-01
2.517739288216731541e-01
2.880807203237587544e-01
4.316182272761369121e-01
3.662336212116349965e-01
1.604269978083497639e-01
2.276541613863806712e-01
2.991454071135992154e-01
3.988674331434173825e-01
4.082553084232274920e-01
2.995972599882747445e-01
2.242055177460476612e-01
2.811043396043981235e-01
3.654083018869139776e-01
3.242145829564500037e-01
1.514796093722428350e-01
1.779449172914362165e-01
2.364631478492047190e-01
3.942236136249641643e-01
3.988492930340934439e-01
2.368041506927855422e-01
2.235312775555269582e-01
2.951684834455710060e-01
3.541853388284945114e-01
2.817876984105142091e-01
1.886737501591214394e-01
1.186732544409383749e-01
1.414683603579231508e-01
3.059023389046889863e-01
3.011615053127127406e-01
1.476776640485238379e-01
9.953922046283232294e-01
9.946729248888358521e-01
9.942750291334832013e-01
9.926957586797570121e-01
9.945316125914871463e-01
9.943202113369494777e-01
9.952813810922526150e-01
9.946173225540888563e-01
9.977113170818175947e-01
9.965518955607965967e-01
9.953922046283232294e-01
9.946729248888358521e-01
9.942750291334832013e-01
9.926957586797570121e-01
9.945316125914871463e-01
9.943202113369494777e-01
9.952813810922526150e-01
9.946173225540888563e-01
9.977113170818175947e-01
9.965518955607965967e-01
9.303075376145291120e-01
9.354615607780059072e-01
9.551052585510251269e-01
9.491424540908138807e-01
9.280665085175487938e-01
9.418027152890025011e-01
9.631991267276270863e-01
9.483726201013912283e-01
9.651478912644824160e-01
9.705779767342307407e-01
8.920204649405758524e-01
8.738050786197291142e-01
9.260584049196450840e-01
8.991022268155559605e-01
8.659397637934982406e-01
8.804302061640029153e-01
9.241958160173300296e-01
8.906425869368754800e-01
9.313066339142599404e-01
9.281081839672565836e-01
7.667071664989477675e-01
7.773392584672424999e-01
8.920268660033128238e-01
8.664136123693213509e-01
7.664541776872157985e-01
7.693564665935110902e-01
8.360881413764698067e-01
8.406625687614532882e-01
8.878165561502580072e-01
9.037653953315327726e-01
6.803035517241108332e-01
7.104870233577090799e-01
8.445526510066341253e-01
8.156156643467896705e-01
6.274615118395395763e-01
7.237028325732091094e-01
7.992017409345824053e-01
7.422476224557650326e-01
8.288239905881720215e-01
8.235123883553245872e-01
6.465342670934123293e-01
6.460823499504113610e-01
8.268502680598612820e-01
7.655868484099247473e-01
5.646952427374284378e-01
6.414362817648789905e-01
7.088767684036051397e-01
7.155895383411933208e-01
7.884163280703979648e-01
8.393381157927828351e-01
5.102867407653268739e-01
5.351032603574392699e-01
7.204713296564992930e-01
6.769064022805884040e-01
4.461127181933638441e-01
5.229459645902458931e-01
6.348100751480816317e-01
5.652837317874536138e-01
6.799499618310231863e-01
7.509185622205896138e-01
3.856119926905592354e-01
4.103204544836823175e-01
6.827489171736426110e-01
6.700929859102783270e-01
3.211119042603866047e-01
4.492235464508682052e-01
5.841320974327758320e-01
4.677955108326285472e-01
6.019682918510212977e-01
6.910531098933834215e-01
4.009894184486494373e-01
3.742238670866609995e-01
6.862314247846367232e-01
5.866667351080453452e-01
2.671548055404532329e-01
3.728114830121109224e-01
4.757813243974554629e-01
3.714967276640696592e-01
5.481218694486231779e-01
6.298680440664511382e-01
3.180228579837945380e-01
2.642871136467122017e-01
6.142686542991949716e-01
5.096215850891434584e-01
1.911444439473577728e-01
2.980793916079441108e-01
4.716144507287074461e-01
3.210096588161241438e-01
5.156607444325814749e-01
5.999088437585919920e-01
2.939280454714451873e-01
2.135358222389240612e-01
5.212438439199601481e-01
4.751887591362471963e-01
2.268326141368217364e-01
2.337507979967528293e-01
3.680271417306260617e-01
2.855969009638141820e-01
4.192659642691234922e-01
5.458596252055198939e-01
2.352693999142373982e-01
1.427258520518439600e-01
5.249702234439125315e-01
4.270305064370565895e-01
9.989914304433514247e-02
2.165917625472703889e-01
3.116558090358561572e-01
2.423306016477068947e-01
3.734520690574589241e-01
5.452851750290448329e-01
2.381982114871455392e-01
1.485111656251538181e-01
4.743523677815941197e-01
3.758624686579256080e-01
1.429307775335117714e-01
2.043841695261269520e-01
2.775488761860452902e-01
2.673040011898187851e-01
3.613140190023322318e-01
4.805767928559397384e-01
1.974807215030389140e-01
1.401580159094436007e-01
4.188581886822517752e-01
4.024620968423734957e-01
8.212081235145957114e-02
1.707903875207424649e-01
2.555481767726732745e-01
1.724164050097541923e-01
2.822048552151628642e-01
4.293026157531721898e-01
9.930111102003313928e-01
9.974649155628636521e-01
9.971652658832179661e-01
9.968920005165144982e-01
9.976827153659660885e-01
9.966511290495254638e-01
9.976103288456463769e-01
9.979775909272657897e-01
9.977924911458951884e-01
9.967422087902482186e-01
9.930111102003313928e-01
9.974649155628636521e-01
9.971652658832179661e-01
9.968920005165144982e-01
9.976827153659660885e-01
9.966511290495254638e-01
9.976103288456463769e-01
9.979775909272657897e-01
9.977924911458951884e-01
9.967422087902482186e-01
9.713778772736018086e-01
9.804147893996447705e-01
9.852187347347790558e-01
9.913537879534990438e-01
9.821851100359361153e-01
9.849165181261865243e-01
9.816159670171357154e-01
9.883388302665043756e-01
9.844251335810150216e-01
9.797581360537070960e-01
8.813995710456427046e-01
9.480369262014853859e-01
9.435667362483083354e-01
9.680014434954135050e-01
9.418778142806114584e-01
9.475556915708491790e-01
9.289465732639695661e-01
9.544818656840620141e-01
9.506285404189932509e-01
9.417287580955883142e-01
8.440880137921499271e-01
9.068626270522857080e-01
9.138245485456635286e-01
9.518708038448839837e-01
9.057723939514823464e-01
8.985721900576062460e-01
8.893680775797980775e-01
9.348437806806713102e-01
9.237348817652881738e-01
9.019876951587977310e-01
7.770548768147149676e-01
8.678899138219920983e-01
8.774591561701812203e-01
9.149041481603085169e-01
8.592793757032998192e-01
8.317217400233922753e-01
8.401351267615776441e-01
8.742643279756647789e-01
8.815247938736667788e-01
8.678234151853941869e-01
7.421992548107787524e-01
8.606625582077002123e-01
8.614911329913388371e-01
8.891460306468966790e-01
8.300501997727001147e-01
8.130395612435721286e-01
8.245550880988531395e-01
8.349767175102931205e-01
8.613681173622107501e-01
8.532085402244358185e-01
6.273322381514252477e-01
7.822724700325098812e-01
7.992615185261477961e-01
8.436979676130120787e-01
7.612550906488942948e-01
7.302820631809487928e-01
7.128801764591666812e-01
8.032480402982097312e-01
8.017789170957158040e-01
7.687015335114589787e-01
5.696851236543507557e-01
7.735265218517247687e-01
7.959385224818888993e-01
8.234891394964323208e-01
7.039626512921666190e-01
6.764748273333983652e-01
6.935670033477053797e-01
7.316663761229484919e-01
7.678904148743108671e-01
7.200608675230016908e-01
5.470595677999433581e-01
7.591859826427445057e-01
7.304936139323194855e-01
7.786410676757024030e-01
6.373997726121334306e-01
6.361078796679384695e-01
6.676215225186483693e-01
7.058471946281301701e-01
7.551111252540264607e-01
6.652522280568955448e-01
4.889862978588989662e-01
6.720348553095545352e-01
6.389179646694667092e-01
7.619563245054626899e-01
5.671000280780128522e-01
5.265639639683773465e-01
5.617556282432188963e-01
6.179951674777952597e-01
6.737496174451497177e-01
5.904969580026702136e-01
3.935254870404833460e-01
6.206224750093223275e-01
6.077726174045982033e-01
6.860168344333331669e-01
5.246537369476422796e-01
5.215935246608113252e-01
5.688126043959057521e-01
6.189128673532148239e-01
6.809039779792636082e-01
5.936168455657629961e-01
3.556651923475637189e-01
5.898108639272572340e-01
5.720138704933180884e-01
6.164271064932839161e-01
4.315024621738579591e-01
4.279868133712754208e-01
4.941267729125800590e-01
5.129816272775715724e-01
6.066496865739807731e-01
5.523656434145070016e-01
2.597824056037372209e-01
5.068442533699224484e-01
5.335350936527823995e-01
6.010683048714661192e-01
3.775561497083336215e-01
3.593012049837961408e-01
3.889373719043308086e-01
4.207747697897886163e-01
5.689018327520450891e-01
4.442281045756732438e-01
3.075416058466644009e-01
5.186822183975403622e-01
4.601794692151968125e-01
5.606506908721859972e-01
3.936593059105712444e-01
3.265719741594805825e-01
3.861693172025122411e-01
4.375531094635929374e-01
5.675598117712967738e-01
4.715341839617861464e-01
